28 45 12

100

0 2 16 1
0 6 13 2
0 8 36 2
0 7 25 2
0 9 14 2
0 26 13 2
0 16 8 2
0 1 20 1
0 3 13 1
1 0 20 1
1 16 24 2
1 15 16 2
1 19 26 2
1 18 31 2
1 3 11 1
1 2 4 1
2 0 16 1
2 1 4 1
2 3 7 1
2 21 5 2
2 25 24 2
2 20 2 2
2 4 37 2
3 1 11 1
3 19 24 2
3 24 18 2
3 2 7 1
3 0 13 1
3 27 26 2
4 5 26 1
4 6 12 1
4 2 27 2
5 4 26 1
5 6 14 1
6 5 14 1
6 4 12 1
6 0 13 2
7 0 25 2
8 0 36 2
8 21 36 5
9 0 14 2
9 11 14 1
9 10 6 1
10 9 6 1
10 11 9 1
10 26 11 5
11 10 9 1
11 9 14 1
12 13 15 1
12 14 9 1
12 15 12 1
13 14 11 1
13 12 15 1
13 15 27 1
14 12 9 1
14 13 11 1
14 15 19 1
15 12 12 1
15 14 19 1
15 13 27 1
15 1 16 2
16 0 8 2
16 1 24 2
17 18 22 1
18 17 22 1
18 1 31 2
19 1 26 2
19 3 24 2
20 2 2 2
21 2 5 2
21 24 14 1
21 22 22 1
21 23 18 1
21 8 36 5
22 21 22 1
22 24 11 1
22 23 23 1
23 22 23 1
23 21 18 1
23 24 23 1
24 3 17 2
24 21 14 1
24 23 23 1
24 22 11 1
25 2 24 2
26 10 11 5
26 27 19 1
26 0 13 2
27 26 19 1
27 3 26 2

0 8 40
1 11 13
2 22 28
3 3 45
4 17 11
5 19 26
6 16 15
7 13 13
8 5 18
9 25 15
10 7 10
11 24 23



